{"autoClear":true,"clearColor":[0,0,0],"ambientColor":[0,0,0],"gravity":[0,-9.81,0],
"materials":[{"name":"_1.Material","id":"_1.Material","ambient":[0.8,0.8,0.8],"diffuse":[0.64,0.64,0.64],"specular":[0.5,0.5,0.5],"emissive":[0,0,0],"specularPower":50,"alpha":1,"backFaceCulling":true}],
"multiMaterials":[],
"skeletons":[{"name":"RootNode","id":0,"bones":[
{"name":"hip","index":0,"matrix":[1,0,0,0,0,1,0,0,0,0,-1,0,0,1.0586,0.003,1],"parentBoneIndex":-1,"animation":{"dataType":3,"framePerSecond":24,"keys":[{"frame":1,"values":[1,0,0,0,0,1,0,0,0,0,-1,0,0,1.0586,0.003,1]},{"frame":250,"values":[1,0,0,0,0,1,0,0,0,0,-1,0,0,1.0586,0.003,1]}],"loopBehavior":1,"name":"anim","property":"_matrix"}},
{"name":"pelvis","index":1,"matrix":[1,0,0,0,0,1,0,0,0,0,1,0,0,0.0187,0.0182,1],"parentBoneIndex":0,"animation":{"dataType":3,"framePerSecond":24,"keys":[{"frame":1,"values":[1,0,0,0,0,1,0,0,0,0,1,0,0,0.0187,0.0182,1]},{"frame":250,"values":[1,0,0,0,0,1,0,0,0,0,1,0,0,0.0187,0.0182,1]}],"loopBehavior":1,"name":"anim","property":"_matrix"}},
{"name":"lThigh","index":2,"matrix":[-0.9992,-0.0324,0.0247,0,0.0324,-0.9995,-0.0004,0,0.0247,0.0004,0.9997,0,0.0852,-0.0975,-0.0141,1],"parentBoneIndex":1,"animation":{"dataType":3,"framePerSecond":24,"keys":[{"frame":1,"values":[-0.9992,-0.0324,0.0247,0,0.0324,-0.9995,-0.0004,0,0.0247,0.0004,0.9997,0,0.0852,-0.0975,-0.0141,1]},{"frame":250,"values":[-0.9992,-0.0324,0.0247,0,0.0324,-0.9995,-0.0004,0,0.0247,0.0004,0.9997,0,0.0852,-0.0975,-0.0141,1]}],"loopBehavior":1,"name":"anim","property":"_matrix"}},
{"name":"lShin","index":3,"matrix":[-0.7931,0.0454,0.6074,0,0.0115,0.9982,-0.0596,0,-0.609,-0.0403,-0.7922,0,0,0.445,0,1],"parentBoneIndex":2,"animation":{"dataType":3,"framePerSecond":24,"keys":[{"frame":1,"values":[-0.7931,0.0454,0.6074,0,0.0115,0.9982,-0.0596,0,-0.609,-0.0403,-0.7922,0,0,0.445,0,1]},{"frame":250,"values":[-0.7931,0.0454,0.6074,0,0.0115,0.9982,-0.0596,0,-0.609,-0.0403,-0.7922,0,0,0.445,0,1]}],"loopBehavior":1,"name":"anim","property":"_matrix"}},
{"name":"lFoot","index":4,"matrix":[0.5127,0.2994,0.8046,0,0.7438,0.3131,-0.5905,0,-0.4288,0.9013,-0.0622,0,0,0.4724,0,1],"parentBoneIndex":3,"animation":{"dataType":3,"framePerSecond":24,"keys":[{"frame":1,"values":[0.5127,0.2994,0.8046,0,0.7438,0.3131,-0.5905,0,-0.4288,0.9013,-0.0622,0,0,0.4724,0,1]},{"frame":250,"values":[0.5127,0.2994,0.8046,0,0.7438,0.3131,-0.5905,0,-0.4288,0.9013,-0.0622,0,0,0.4724,0,1]}],"loopBehavior":1,"name":"anim","property":"_matrix"}},
{"name":"lToe","index":5,"matrix":[0.8934,0.2608,-0.3659,0,-0.2608,-0.3622,-0.8949,0,-0.3659,0.8949,-0.2556,0,0,0.1261,0,1],"parentBoneIndex":4,"animation":{"dataType":3,"framePerSecond":24,"keys":[{"frame":1,"values":[0.8934,0.2608,-0.3659,0,-0.2608,-0.3622,-0.8949,0,-0.3659,0.8949,-0.2556,0,0,0.1261,0,1]},{"frame":250,"values":[0.8934,0.2608,-0.3659,0,-0.2608,-0.3622,-0.8949,0,-0.3659,0.8949,-0.2556,0,0,0.1261,0,1]}],"loopBehavior":1,"name":"anim","property":"_matrix"}},
{"name":"lBigToe","index":6,"matrix":[1,0,0,0,0,1,0,0,0,0,1,0,-0.0271,0.004,0.0207,1],"parentBoneIndex":5,"animation":{"dataType":3,"framePerSecond":24,"keys":[{"frame":1,"values":[1,0,0,0,0,1,0,0,0,0,1,0,-0.0271,0.004,0.0207,1]},{"frame":250,"values":[1,0,0,0,0,1,0,0,0,0,1,0,-0.0271,0.004,0.0207,1]}],"loopBehavior":1,"name":"anim","property":"_matrix"}},
{"name":"lSmallToe1","index":7,"matrix":[1,0,0,0,0,1,0,0,0,0,1,0,-0.004,0.0049,0.0197,1],"parentBoneIndex":5,"animation":{"dataType":3,"framePerSecond":24,"keys":[{"frame":1,"values":[1,0,0,0,0,1,0,0,0,0,1,0,-0.004,0.0049,0.0197,1]},{"frame":250,"values":[1,0,0,0,0,1,0,0,0,0,1,0,-0.004,0.0049,0.0197,1]}],"loopBehavior":1,"name":"anim","property":"_matrix"}},
{"name":"lSmallToe2","index":8,"matrix":[1,0,0,0,0,1,0,0,0,0,1,0,0.0113,0.0038,0.0159,1],"parentBoneIndex":5,"animation":{"dataType":3,"framePerSecond":24,"keys":[{"frame":1,"values":[1,0,0,0,0,1,0,0,0,0,1,0,0.0113,0.0038,0.0159,1]},{"frame":250,"values":[1,0,0,0,0,1,0,0,0,0,1,0,0.0113,0.0038,0.0159,1]}],"loopBehavior":1,"name":"anim","property":"_matrix"}},
{"name":"lSmallToe3","index":9,"matrix":[1,0,0,0,0,1,0,0,0,0,1,0,0.0211,0.0001,0.0086,1],"parentBoneIndex":5,"animation":{"dataType":3,"framePerSecond":24,"keys":[{"frame":1,"values":[1,0,0,0,0,1,0,0,0,0,1,0,0.0211,0.0001,0.0086,1]},{"frame":250,"values":[1,0,0,0,0,1,0,0,0,0,1,0,0.0211,0.0001,0.0086,1]}],"loopBehavior":1,"name":"anim","property":"_matrix"}},
{"name":"lSmallToe4","index":10,"matrix":[1,0,0,0,0,1,0,0,0,0,1,0,0.0352,-0.0034,-0.0001,1],"parentBoneIndex":5,"animation":{"dataType":3,"framePerSecond":24,"keys":[{"frame":1,"values":[1,0,0,0,0,1,0,0,0,0,1,0,0.0352,-0.0034,-0.0001,1]},{"frame":250,"values":[1,0,0,0,0,1,0,0,0,0,1,0,0.0352,-0.0034,-0.0001,1]}],"loopBehavior":1,"name":"anim","property":"_matrix"}},
{"name":"rThigh","index":11,"matrix":[-0.9992,0.0324,-0.0247,0,-0.0324,-0.9995,-0.0004,0,-0.0247,0.0004,0.9997,0,-0.0852,-0.0975,-0.0141,1],"parentBoneIndex":1,"animation":{"dataType":3,"framePerSecond":24,"keys":[{"frame":1,"values":[-0.9992,0.0324,-0.0247,0,-0.0324,-0.9995,-0.0004,0,-0.0247,0.0004,0.9997,0,-0.0852,-0.0975,-0.0141,1]},{"frame":250,"values":[-0.9992,0.0324,-0.0247,0,-0.0324,-0.9995,-0.0004,0,-0.0247,0.0004,0.9997,0,-0.0852,-0.0975,-0.0141,1]}],"loopBehavior":1,"name":"anim","property":"_matrix"}},
{"name":"rShin","index":12,"matrix":[-0.7931,-0.0454,-0.6074,0,-0.0115,0.9982,-0.0596,0,0.609,-0.0403,-0.7922,0,0,0.445,0,1],"parentBoneIndex":11,"animation":{"dataType":3,"framePerSecond":24,"keys":[{"frame":1,"values":[-0.7931,-0.0454,-0.6074,0,-0.0115,0.9982,-0.0596,0,0.609,-0.0403,-0.7922,0,0,0.445,0,1]},{"frame":250,"values":[-0.7931,-0.0454,-0.6074,0,-0.0115,0.9982,-0.0596,0,0.609,-0.0403,-0.7922,0,0,0.445,0,1]}],"loopBehavior":1,"name":"anim","property":"_matrix"}},
{"name":"rFoot","index":13,"matrix":[0.5127,-0.2994,-0.8046,0,-0.7438,0.3131,-0.5905,0,0.4288,0.9013,-0.0622,0,0,0.4724,0,1],"parentBoneIndex":12,"animation":{"dataType":3,"framePerSecond":24,"keys":[{"frame":1,"values":[0.5127,-0.2994,-0.8046,0,-0.7438,0.3131,-0.5905,0,0.4288,0.9013,-0.0622,0,0,0.4724,0,1]},{"frame":250,"values":[0.5127,-0.2994,-0.8046,0,-0.7438,0.3131,-0.5905,0,0.4288,0.9013,-0.0622,0,0,0.4724,0,1]}],"loopBehavior":1,"name":"anim","property":"_matrix"}},
{"name":"rToe","index":14,"matrix":[0.8934,-0.2608,0.3659,0,0.2608,-0.3622,-0.8949,0,0.3659,0.8949,-0.2556,0,0,0.1261,0,1],"parentBoneIndex":13,"animation":{"dataType":3,"framePerSecond":24,"keys":[{"frame":1,"values":[0.8934,-0.2608,0.3659,0,0.2608,-0.3622,-0.8949,0,0.3659,0.8949,-0.2556,0,0,0.1261,0,1]},{"frame":250,"values":[0.8934,-0.2608,0.3659,0,0.2608,-0.3622,-0.8949,0,0.3659,0.8949,-0.2556,0,0,0.1261,0,1]}],"loopBehavior":1,"name":"anim","property":"_matrix"}},
{"name":"rBigToe","index":15,"matrix":[1,0,0,0,0,1,0,0,0,0,1,0,0.0271,0.004,0.0207,1],"parentBoneIndex":14,"animation":{"dataType":3,"framePerSecond":24,"keys":[{"frame":1,"values":[1,0,0,0,0,1,0,0,0,0,1,0,0.0271,0.004,0.0207,1]},{"frame":250,"values":[1,0,0,0,0,1,0,0,0,0,1,0,0.0271,0.004,0.0207,1]}],"loopBehavior":1,"name":"anim","property":"_matrix"}},
{"name":"rSmallToe1","index":16,"matrix":[1,0,0,0,0,1,0,0,0,0,1,0,0.004,0.0049,0.0197,1],"parentBoneIndex":14,"animation":{"dataType":3,"framePerSecond":24,"keys":[{"frame":1,"values":[1,0,0,0,0,1,0,0,0,0,1,0,0.004,0.0049,0.0197,1]},{"frame":250,"values":[1,0,0,0,0,1,0,0,0,0,1,0,0.004,0.0049,0.0197,1]}],"loopBehavior":1,"name":"anim","property":"_matrix"}},
{"name":"rSmallToe2","index":17,"matrix":[1,0,0,0,0,1,0,0,0,0,1,0,-0.0113,0.0038,0.0159,1],"parentBoneIndex":14,"animation":{"dataType":3,"framePerSecond":24,"keys":[{"frame":1,"values":[1,0,0,0,0,1,0,0,0,0,1,0,-0.0113,0.0038,0.0159,1]},{"frame":250,"values":[1,0,0,0,0,1,0,0,0,0,1,0,-0.0113,0.0038,0.0159,1]}],"loopBehavior":1,"name":"anim","property":"_matrix"}},
{"name":"rSmallToe3","index":18,"matrix":[1,0,0,0,0,1,0,0,0,0,1,0,-0.0211,0.0001,0.0086,1],"parentBoneIndex":14,"animation":{"dataType":3,"framePerSecond":24,"keys":[{"frame":1,"values":[1,0,0,0,0,1,0,0,0,0,1,0,-0.0211,0.0001,0.0086,1]},{"frame":250,"values":[1,0,0,0,0,1,0,0,0,0,1,0,-0.0211,0.0001,0.0086,1]}],"loopBehavior":1,"name":"anim","property":"_matrix"}},
{"name":"rSmallToe4","index":19,"matrix":[1,0,0,0,0,1,0,0,0,0,1,0,-0.0352,-0.0034,-0.0001,1],"parentBoneIndex":14,"animation":{"dataType":3,"framePerSecond":24,"keys":[{"frame":1,"values":[1,0,0,0,0,1,0,0,0,0,1,0,-0.0352,-0.0034,-0.0001,1]},{"frame":250,"values":[1,0,0,0,0,1,0,0,0,0,1,0,-0.0352,-0.0034,-0.0001,1]}],"loopBehavior":1,"name":"anim","property":"_matrix"}},
{"name":"abdomen","index":20,"matrix":[1,0,0,0,0,0.9947,0.1028,0,0,-0.1028,0.9947,0,0,-0.0112,-0.0152,1],"parentBoneIndex":0,"animation":{"dataType":3,"framePerSecond":24,"keys":[{"frame":1,"values":[1,0,0,0,0,0.9947,0.1028,0,0,-0.1028,0.9947,0,0,-0.0112,-0.0152,1]},{"frame":250,"values":[1,0,0,0,0,0.9947,0.1028,0,0,-0.1028,0.9947,0,0,-0.0112,-0.0152,1]}],"loopBehavior":1,"name":"anim","property":"_matrix"}},
{"name":"abdomen2","index":21,"matrix":[1,0,0,0,0,0.9548,-0.2972,0,0,0.2972,0.9548,0,0,0.0972,0,1],"parentBoneIndex":20,"animation":{"dataType":3,"framePerSecond":24,"keys":[{"frame":1,"values":[1,0,0,0,0,0.9548,-0.2972,0,0,0.2972,0.9548,0,0,0.0972,0,1]},{"frame":250,"values":[1,0,0,0,0,0.9548,-0.2972,0,0,0.2972,0.9548,0,0,0.0972,0,1]}],"loopBehavior":1,"name":"anim","property":"_matrix"}},
{"name":"chest","index":22,"matrix":[1,0,0,0,0,0.9803,0.1975,0,0,-0.1975,0.9803,0,0,0.1312,0,1],"parentBoneIndex":21,"animation":{"dataType":3,"framePerSecond":24,"keys":[{"frame":1,"values":[1,0,0,0,0,0.9803,0.1975,0,0,-0.1975,0.9803,0,0,0.1312,0,1]},{"frame":250,"values":[1,0,0,0,0,0.9803,0.1975,0,0,-0.1975,0.9803,0,0,0.1312,0,1]}],"loopBehavior":1,"name":"anim","property":"_matrix"}},
{"name":"neck","index":23,"matrix":[0.9999,-0.0172,0,0,0.0166,0.9688,0.2472,0,-0.0042,-0.2471,0.969,0,0,0.2631,-0.0082,1],"parentBoneIndex":22,"animation":{"dataType":3,"framePerSecond":24,"keys":[{"frame":1,"values":[0.9999,-0.0172,0,0,0.0166,0.9688,0.2472,0,-0.0042,-0.2471,0.969,0,0,0.2631,-0.0082,1]},{"frame":250,"values":[0.9999,-0.0172,0,0,0.0166,0.9688,0.2472,0,-0.0042,-0.2471,0.969,0,0,0.2631,-0.0082,1]}],"loopBehavior":1,"name":"anim","property":"_matrix"}},
{"name":"head","index":24,"matrix":[1,0,0,0,0,0.969,-0.2472,0,0,0.2472,0.969,0,0,0.089,0,1],"parentBoneIndex":23,"animation":{"dataType":3,"framePerSecond":24,"keys":[{"frame":1,"values":[1,0,0,0,0,0.969,-0.2472,0,0,0.2472,0.969,0,0,0.089,0,1]},{"frame":250,"values":[1,0,0,0,0,0.969,-0.2472,0,0,0.2472,0.969,0,0,0.089,0,1]}],"loopBehavior":1,"name":"anim","property":"_matrix"}},
{"name":"rEye","index":25,"matrix":[1,0,0,0,0,1,0,0,0,0,1,0,-0.0313,0.0583,0.0785,1],"parentBoneIndex":24,"animation":{"dataType":3,"framePerSecond":24,"keys":[{"frame":1,"values":[1,0,0,0,0,1,0,0,0,0,1,0,-0.0313,0.0583,0.0785,1]},{"frame":250,"values":[1,0,0,0,0,1,0,0,0,0,1,0,-0.0313,0.0583,0.0785,1]}],"loopBehavior":1,"name":"anim","property":"_matrix"}},
{"name":"lEye","index":26,"matrix":[1,0,0,0,0,1,0,0,0,0,1,0,0.0313,0.0583,0.0785,1],"parentBoneIndex":24,"animation":{"dataType":3,"framePerSecond":24,"keys":[{"frame":1,"values":[1,0,0,0,0,1,0,0,0,0,1,0,0.0313,0.0583,0.0785,1]},{"frame":250,"values":[1,0,0,0,0,1,0,0,0,0,1,0,0.0313,0.0583,0.0785,1]}],"loopBehavior":1,"name":"anim","property":"_matrix"}},
{"name":"upperJaw","index":27,"matrix":[1,0,0,0,0,1,0,0,0,0,1,0,0.0001,0.0116,0.0212,1],"parentBoneIndex":24,"animation":{"dataType":3,"framePerSecond":24,"keys":[{"frame":1,"values":[1,0,0,0,0,1,0,0,0,0,1,0,0.0001,0.0116,0.0212,1]},{"frame":250,"values":[1,0,0,0,0,1,0,0,0,0,1,0,0.0001,0.0116,0.0212,1]}],"loopBehavior":1,"name":"anim","property":"_matrix"}},
{"name":"lowerJaw","index":28,"matrix":[1,0,0,0,0,-0.6898,0.724,0,0,-0.724,-0.6898,0,0,0.011,0.0191,1],"parentBoneIndex":24,"animation":{"dataType":3,"framePerSecond":24,"keys":[{"frame":1,"values":[1,0,0,0,0,-0.6898,0.724,0,0,-0.724,-0.6898,0,0,0.011,0.0191,1]},{"frame":250,"values":[1,0,0,0,0,-0.6898,0.724,0,0,-0.724,-0.6898,0,0,0.011,0.0191,1]}],"loopBehavior":1,"name":"anim","property":"_matrix"}},
{"name":"tongueBase","index":29,"matrix":[1,0,0,0,0,-0.4871,-0.8734,0,0,0.8734,-0.4871,0,0,0.048,0,1],"parentBoneIndex":28,"animation":{"dataType":3,"framePerSecond":24,"keys":[{"frame":1,"values":[1,0,0,0,0,-0.4871,-0.8734,0,0,0.8734,-0.4871,0,0,0.048,0,1]},{"frame":250,"values":[1,0,0,0,0,-0.4871,-0.8734,0,0,0.8734,-0.4871,0,0,0.048,0,1]}],"loopBehavior":1,"name":"anim","property":"_matrix"}},
{"name":"tongue01","index":30,"matrix":[1,0,0,0,0,0.6085,0.7935,0,0,-0.7935,0.6085,0,0,0.0077,0,1],"parentBoneIndex":29,"animation":{"dataType":3,"framePerSecond":24,"keys":[{"frame":1,"values":[1,0,0,0,0,0.6085,0.7935,0,0,-0.7935,0.6085,0,0,0.0077,0,1]},{"frame":250,"values":[1,0,0,0,0,0.6085,0.7935,0,0,-0.7935,0.6085,0,0,0.0077,0,1]}],"loopBehavior":1,"name":"anim","property":"_matrix"}},
{"name":"tongue02","index":31,"matrix":[1,0,0,0,0,0.9696,0.2448,0,0,-0.2448,0.9696,0,0,0.0083,0,1],"parentBoneIndex":30,"animation":{"dataType":3,"framePerSecond":24,"keys":[{"frame":1,"values":[1,0,0,0,0,0.9696,0.2448,0,0,-0.2448,0.9696,0,0,0.0083,0,1]},{"frame":250,"values":[1,0,0,0,0,0.9696,0.2448,0,0,-0.2448,0.9696,0,0,0.0083,0,1]}],"loopBehavior":1,"name":"anim","property":"_matrix"}},
{"name":"tongue03","index":32,"matrix":[1,0,0,0,0,0.9903,0.1391,0,0,-0.1391,0.9903,0,0,0.0077,0,1],"parentBoneIndex":31,"animation":{"dataType":3,"framePerSecond":24,"keys":[{"frame":1,"values":[1,0,0,0,0,0.9903,0.1391,0,0,-0.1391,0.9903,0,0,0.0077,0,1]},{"frame":250,"values":[1,0,0,0,0,0.9903,0.1391,0,0,-0.1391,0.9903,0,0,0.0077,0,1]}],"loopBehavior":1,"name":"anim","property":"_matrix"}},
{"name":"tongue04","index":33,"matrix":[1,0,0,0,0,0.9994,0.034,0,0,-0.034,0.9994,0,0,0.0076,0,1],"parentBoneIndex":32,"animation":{"dataType":3,"framePerSecond":24,"keys":[{"frame":1,"values":[1,0,0,0,0,0.9994,0.034,0,0,-0.034,0.9994,0,0,0.0076,0,1]},{"frame":250,"values":[1,0,0,0,0,0.9994,0.034,0,0,-0.034,0.9994,0,0,0.0076,0,1]}],"loopBehavior":1,"name":"anim","property":"_matrix"}},
{"name":"tongue05","index":34,"matrix":[1,0,0,0,0,0.9987,0.0506,0,0,-0.0506,0.9987,0,0,0.0065,0,1],"parentBoneIndex":33,"animation":{"dataType":3,"framePerSecond":24,"keys":[{"frame":1,"values":[1,0,0,0,0,0.9987,0.0506,0,0,-0.0506,0.9987,0,0,0.0065,0,1]},{"frame":250,"values":[1,0,0,0,0,0.9987,0.0506,0,0,-0.0506,0.9987,0,0,0.0065,0,1]}],"loopBehavior":1,"name":"anim","property":"_matrix"}},
{"name":"tongueTip","index":35,"matrix":[1,0,0,0,0,-0.0698,-0.9976,0,0,0.9976,-0.0698,0,0,0.0061,0,1],"parentBoneIndex":34,"animation":{"dataType":3,"framePerSecond":24,"keys":[{"frame":1,"values":[1,0,0,0,0,-0.0698,-0.9976,0,0,0.9976,-0.0698,0,0,0.0061,0,1]},{"frame":250,"values":[1,0,0,0,0,-0.0698,-0.9976,0,0,0.9976,-0.0698,0,0,0.0061,0,1]}],"loopBehavior":1,"name":"anim","property":"_matrix"}},
{"name":"rCollar","index":36,"matrix":[0.1265,0.925,-0.3583,0,-0.925,-0.0204,-0.3794,0,-0.3583,0.3794,0.8531,0,-0.016,0.1981,0.0339,1],"parentBoneIndex":22,"animation":{"dataType":3,"framePerSecond":24,"keys":[{"frame":1,"values":[0.1265,0.925,-0.3583,0,-0.925,-0.0204,-0.3794,0,-0.3583,0.3794,0.8531,0,-0.016,0.1981,0.0339,1]},{"frame":250,"values":[0.1265,0.925,-0.3583,0,-0.925,-0.0204,-0.3794,0,-0.3583,0.3794,0.8531,0,-0.016,0.1981,0.0339,1]}],"loopBehavior":1,"name":"anim","property":"_matrix"}},
{"name":"rShldr","index":37,"matrix":[0.3358,0.7446,0.577,0,-0.8881,0.4544,-0.0696,0,-0.314,-0.489,0.8138,0,0,0.1333,0,1],"parentBoneIndex":36,"animation":{"dataType":3,"framePerSecond":24,"keys":[{"frame":1,"values":[0.3358,0.7446,0.577,0,-0.8881,0.4544,-0.0696,0,-0.314,-0.489,0.8138,0,0,0.1333,0,1]},{"frame":250,"values":[0.3358,0.7446,0.577,0,-0.8881,0.4544,-0.0696,0,-0.314,-0.489,0.8138,0,0,0.1333,0,1]}],"loopBehavior":1,"name":"anim","property":"_matrix"}},
{"name":"rForeArm","index":38,"matrix":[0.9204,-0.1963,0.3383,0,0.0645,0.9293,0.3637,0,-0.3857,-0.3129,0.8679,0,0,0.2958,0,1],"parentBoneIndex":37,"animation":{"dataType":3,"framePerSecond":24,"keys":[{"frame":1,"values":[0.9204,-0.1963,0.3383,0,0.0645,0.9293,0.3637,0,-0.3857,-0.3129,0.8679,0,0,0.2958,0,1]},{"frame":250,"values":[0.9204,-0.1963,0.3383,0,0.0645,0.9293,0.3637,0,-0.3857,-0.3129,0.8679,0,0,0.2958,0,1]}],"loopBehavior":1,"name":"anim","property":"_matrix"}},
{"name":"rHand","index":39,"matrix":[0.1974,-0.8946,0.401,0,0.8946,-0.0029,-0.447,0,0.401,0.447,0.7996,0,0,0.2321,0,1],"parentBoneIndex":38,"animation":{"dataType":3,"framePerSecond":24,"keys":[{"frame":1,"values":[0.1974,-0.8946,0.401,0,0.8946,-0.0029,-0.447,0,0.401,0.447,0.7996,0,0,0.2321,0,1]},{"frame":250,"values":[0.1974,-0.8946,0.401,0,0.8946,-0.0029,-0.447,0,0.401,0.447,0.7996,0,0,0.2321,0,1]}],"loopBehavior":1,"name":"anim","property":"_matrix"}},
{"name":"rThumb1","index":40,"matrix":[0.9983,0.0374,0.0445,0,-0.0374,-0.1731,0.9842,0,0.0445,-0.9842,-0.1714,0,-0.0118,-0.0028,0.0294,1],"parentBoneIndex":39,"animation":{"dataType":3,"framePerSecond":24,"keys":[{"frame":1,"values":[0.9983,0.0374,0.0445,0,-0.0374,-0.1731,0.9842,0,0.0445,-0.9842,-0.1714,0,-0.0118,-0.0028,0.0294,1]},{"frame":250,"values":[0.9983,0.0374,0.0445,0,-0.0374,-0.1731,0.9842,0,0.0445,-0.9842,-0.1714,0,-0.0118,-0.0028,0.0294,1]}],"loopBehavior":1,"name":"anim","property":"_matrix"}},
{"name":"rThumb2","index":41,"matrix":[0.7824,0.3838,-0.4904,0,-0.4144,0.9087,0.0501,0,0.4648,0.164,0.8701,0,0,0.0413,0,1],"parentBoneIndex":40,"animation":{"dataType":3,"framePerSecond":24,"keys":[{"frame":1,"values":[0.7824,0.3838,-0.4904,0,-0.4144,0.9087,0.0501,0,0.4648,0.164,0.8701,0,0,0.0413,0,1]},{"frame":250,"values":[0.7824,0.3838,-0.4904,0,-0.4144,0.9087,0.0501,0,0.4648,0.164,0.8701,0,0,0.0413,0,1]}],"loopBehavior":1,"name":"anim","property":"_matrix"}},
{"name":"rThumb3","index":42,"matrix":[0.7449,-0.4454,0.4966,0,0.4454,-0.2221,-0.8673,0,0.4966,0.8673,0.033,0,0,0.0282,0,1],"parentBoneIndex":41,"animation":{"dataType":3,"framePerSecond":24,"keys":[{"frame":1,"values":[0.7449,-0.4454,0.4966,0,0.4454,-0.2221,-0.8673,0,0.4966,0.8673,0.033,0,0,0.0282,0,1]},{"frame":250,"values":[0.7449,-0.4454,0.4966,0,0.4454,-0.2221,-0.8673,0,0.4966,0.8673,0.033,0,0,0.0282,0,1]}],"loopBehavior":1,"name":"anim","property":"_matrix"}},
{"name":"rCarpal1","index":43,"matrix":[1,0,0,0,0,1,0,0,0,0,1,0,-0.0137,0.0066,0.0209,1],"parentBoneIndex":39,"animation":{"dataType":3,"framePerSecond":24,"keys":[{"frame":1,"values":[1,0,0,0,0,1,0,0,0,0,1,0,-0.0137,0.0066,0.0209,1]},{"frame":250,"values":[1,0,0,0,0,1,0,0,0,0,1,0,-0.0137,0.0066,0.0209,1]}],"loopBehavior":1,"name":"anim","property":"_matrix"}},
{"name":"rIndex1","index":44,"matrix":[0.3909,0.7976,0.4594,0,-0.7976,0.0445,0.6016,0,0.4594,-0.6016,0.6535,0,-0.0462,0.0048,0.0414,1],"parentBoneIndex":43,"animation":{"dataType":3,"framePerSecond":24,"keys":[{"frame":1,"values":[0.3909,0.7976,0.4594,0,-0.7976,0.0445,0.6016,0,0.4594,-0.6016,0.6535,0,-0.0462,0.0048,0.0414,1]},{"frame":250,"values":[0.3909,0.7976,0.4594,0,-0.7976,0.0445,0.6016,0,0.4594,-0.6016,0.6535,0,-0.0462,0.0048,0.0414,1]}],"loopBehavior":1,"name":"anim","property":"_matrix"}},
{"name":"rIndex2","index":45,"matrix":[0.975,0.2219,0.0074,0,-0.2204,0.963,0.1549,0,0.0273,-0.1527,0.9879,0,0,0.0339,0,1],"parentBoneIndex":44,"animation":{"dataType":3,"framePerSecond":24,"keys":[{"frame":1,"values":[0.975,0.2219,0.0074,0,-0.2204,0.963,0.1549,0,0.0273,-0.1527,0.9879,0,0,0.0339,0,1]},{"frame":250,"values":[0.975,0.2219,0.0074,0,-0.2204,0.963,0.1549,0,0.0273,-0.1527,0.9879,0,0,0.0339,0,1]}],"loopBehavior":1,"name":"anim","property":"_matrix"}},
{"name":"rIndex3","index":46,"matrix":[0.2076,-0.7831,0.5862,0,0.7831,-0.2261,-0.5793,0,0.5862,0.5793,0.5663,0,0,0.0202,0,1],"parentBoneIndex":45,"animation":{"dataType":3,"framePerSecond":24,"keys":[{"frame":1,"values":[0.2076,-0.7831,0.5862,0,0.7831,-0.2261,-0.5793,0,0.5862,0.5793,0.5663,0,0,0.0202,0,1]},{"frame":250,"values":[0.2076,-0.7831,0.5862,0,0.7831,-0.2261,-0.5793,0,0.5862,0.5793,0.5663,0,0,0.0202,0,1]}],"loopBehavior":1,"name":"anim","property":"_matrix"}},
{"name":"rMid1","index":47,"matrix":[0.2408,0.8834,0.4021,0,-0.8834,0.0278,0.4679,0,0.4021,-0.4679,0.787,0,-0.059,0.0036,0.0242,1],"parentBoneIndex":43,"animation":{"dataType":3,"framePerSecond":24,"keys":[{"frame":1,"values":[0.2408,0.8834,0.4021,0,-0.8834,0.0278,0.4679,0,0.4021,-0.4679,0.787,0,-0.059,0.0036,0.0242,1]},{"frame":250,"values":[0.2408,0.8834,0.4021,0,-0.8834,0.0278,0.4679,0,0.4021,-0.4679,0.787,0,-0.059,0.0036,0.0242,1]}],"loopBehavior":1,"name":"anim","property":"_matrix"}},
{"name":"rMid2","index":48,"matrix":[0.9891,0.1294,0.0704,0,-0.1381,0.9808,0.1375,0,-0.0513,-0.1458,0.988,0,0,0.0375,0,1],"parentBoneIndex":47,"animation":{"dataType":3,"framePerSecond":24,"keys":[{"frame":1,"values":[0.9891,0.1294,0.0704,0,-0.1381,0.9808,0.1375,0,-0.0513,-0.1458,0.988,0,0,0.0375,0,1]},{"frame":250,"values":[0.9891,0.1294,0.0704,0,-0.1381,0.9808,0.1375,0,-0.0513,-0.1458,0.988,0,0,0.0375,0,1]}],"loopBehavior":1,"name":"anim","property":"_matrix"}},
{"name":"rMid3","index":49,"matrix":[0.1522,-0.8444,0.5137,0,0.8444,-0.159,-0.5116,0,0.5137,0.5116,0.6888,0,0,0.0241,0,1],"parentBoneIndex":48,"animation":{"dataType":3,"framePerSecond":24,"keys":[{"frame":1,"values":[0.1522,-0.8444,0.5137,0,0.8444,-0.159,-0.5116,0,0.5137,0.5116,0.6888,0,0,0.0241,0,1]},{"frame":250,"values":[0.1522,-0.8444,0.5137,0,0.8444,-0.159,-0.5116,0,0.5137,0.5116,0.6888,0,0,0.0241,0,1]}],"loopBehavior":1,"name":"anim","property":"_matrix"}},
{"name":"rCarpal2","index":50,"matrix":[1,0,0,0,0,1,0,0,0,0,1,0,-0.0253,0.0019,0.0003,1],"parentBoneIndex":39,"animation":{"dataType":3,"framePerSecond":24,"keys":[{"frame":1,"values":[1,0,0,0,0,1,0,0,0,0,1,0,-0.0253,0.0019,0.0003,1]},{"frame":250,"values":[1,0,0,0,0,1,0,0,0,0,1,0,-0.0253,0.0019,0.0003,1]}],"loopBehavior":1,"name":"anim","property":"_matrix"}},
{"name":"rRing1","index":51,"matrix":[0.0839,0.9405,0.3291,0,-0.9405,-0.0344,0.3379,0,0.3291,-0.3379,0.8817,0,-0.0534,0.0015,0.0268,1],"parentBoneIndex":50,"animation":{"dataType":3,"framePerSecond":24,"keys":[{"frame":1,"values":[0.0839,0.9405,0.3291,0,-0.9405,-0.0344,0.3379,0,0.3291,-0.3379,0.8817,0,-0.0534,0.0015,0.0268,1]},{"frame":250,"values":[0.0839,0.9405,0.3291,0,-0.9405,-0.0344,0.3379,0,0.3291,-0.3379,0.8817,0,-0.0534,0.0015,0.0268,1]}],"loopBehavior":1,"name":"anim","property":"_matrix"}},
{"name":"rRing2","index":52,"matrix":[0.9911,0.1074,0.0782,0,-0.1156,0.9872,0.1097,0,-0.0654,-0.1177,0.9909,0,0,0.0346,0,1],"parentBoneIndex":51,"animation":{"dataType":3,"framePerSecond":24,"keys":[{"frame":1,"values":[0.9911,0.1074,0.0782,0,-0.1156,0.9872,0.1097,0,-0.0654,-0.1177,0.9909,0,0,0.0346,0,1]},{"frame":250,"values":[0.9911,0.1074,0.0782,0,-0.1156,0.9872,0.1097,0,-0.0654,-0.1177,0.9909,0,0,0.0346,0,1]}],"loopBehavior":1,"name":"anim","property":"_matrix"}},
{"name":"rRing3","index":53,"matrix":[0.0079,-0.9021,0.4314,0,0.9021,-0.1797,-0.3923,0,0.4314,0.3923,0.8124,0,0,0.0203,0,1],"parentBoneIndex":52,"animation":{"dataType":3,"framePerSecond":24,"keys":[{"frame":1,"values":[0.0079,-0.9021,0.4314,0,0.9021,-0.1797,-0.3923,0,0.4314,0.3923,0.8124,0,0,0.0203,0,1]},{"frame":250,"values":[0.0079,-0.9021,0.4314,0,0.9021,-0.1797,-0.3923,0,0.4314,0.3923,0.8124,0,0,0.0203,0,1]}],"loopBehavior":1,"name":"anim","property":"_matrix"}},
{"name":"rPinky1","index":54,"matrix":[0.0026,0.9623,0.2721,0,-0.9623,-0.0716,0.2625,0,0.2721,-0.2625,0.9258,0,-0.0537,-0.0094,0.0079,1],"parentBoneIndex":50,"animation":{"dataType":3,"framePerSecond":24,"keys":[{"frame":1,"values":[0.0026,0.9623,0.2721,0,-0.9623,-0.0716,0.2625,0,0.2721,-0.2625,0.9258,0,-0.0537,-0.0094,0.0079,1]},{"frame":250,"values":[0.0026,0.9623,0.2721,0,-0.9623,-0.0716,0.2625,0,0.2721,-0.2625,0.9258,0,-0.0537,-0.0094,0.0079,1]}],"loopBehavior":1,"name":"anim","property":"_matrix"}},
{"name":"rPinky2","index":55,"matrix":[0.9832,0.1346,0.1233,0,-0.1515,0.9786,0.1395,0,-0.1019,-0.1558,0.9825,0,0,0.0268,0,1],"parentBoneIndex":54,"animation":{"dataType":3,"framePerSecond":24,"keys":[{"frame":1,"values":[0.9832,0.1346,0.1233,0,-0.1515,0.9786,0.1395,0,-0.1019,-0.1558,0.9825,0,0,0.0268,0,1]},{"frame":250,"values":[0.9832,0.1346,0.1233,0,-0.1515,0.9786,0.1395,0,-0.1019,-0.1558,0.9825,0,0,0.0268,0,1]}],"loopBehavior":1,"name":"anim","property":"_matrix"}},
{"name":"rPinky3","index":56,"matrix":[-0.0934,-0.9041,0.417,0,0.9041,-0.2524,-0.3448,0,0.417,0.3448,0.841,0,0,0.0161,0,1],"parentBoneIndex":55,"animation":{"dataType":3,"framePerSecond":24,"keys":[{"frame":1,"values":[-0.0934,-0.9041,0.417,0,0.9041,-0.2524,-0.3448,0,0.417,0.3448,0.841,0,0,0.0161,0,1]},{"frame":250,"values":[-0.0934,-0.9041,0.417,0,0.9041,-0.2524,-0.3448,0,0.417,0.3448,0.841,0,0,0.0161,0,1]}],"loopBehavior":1,"name":"anim","property":"_matrix"}},
{"name":"lCollar","index":57,"matrix":[0.1265,-0.925,0.3583,0,0.925,-0.0204,-0.3794,0,0.3583,0.3794,0.8531,0,0.016,0.1981,0.0339,1],"parentBoneIndex":22,"animation":{"dataType":3,"framePerSecond":24,"keys":[{"frame":1,"values":[0.1265,-0.925,0.3583,0,0.925,-0.0204,-0.3794,0,0.3583,0.3794,0.8531,0,0.016,0.1981,0.0339,1]},{"frame":250,"values":[0.1265,-0.925,0.3583,0,0.925,-0.0204,-0.3794,0,0.3583,0.3794,0.8531,0,0.016,0.1981,0.0339,1]}],"loopBehavior":1,"name":"anim","property":"_matrix"}},
{"name":"lShldr","index":58,"matrix":[0.1488,-0.8305,-0.5367,0,0.9447,0.2798,-0.171,0,0.2922,-0.4816,0.8262,0,0,0.1333,0,1],"parentBoneIndex":57,"animation":{"dataType":3,"framePerSecond":24,"keys":[{"frame":1,"values":[0.1488,-0.8305,-0.5367,0,0.9447,0.2798,-0.171,0,0.2922,-0.4816,0.8262,0,0,0.1333,0,1]},{"frame":2,"values":[0.158,-0.8273,-0.5391,0,0.9429,0.2885,-0.1664,0,0.2932,-0.4821,0.8256,0,0,0.1333,0,1]},{"frame":3,"values":[0.1733,-0.8216,-0.543,0,0.9397,0.303,-0.1586,0,0.2949,-0.4828,0.8246,0,0,0.1333,0,1]},{"frame":4,"values":[0.1949,-0.8132,-0.5484,0,0.9347,0.3234,-0.1474,0,0.2972,-0.4838,0.8231,0,0,0.1333,0,1]},{"frame":5,"values":[0.2227,-0.8016,-0.5549,0,0.9275,0.3496,-0.1327,0,0.3004,-0.4851,0.8213,0,0,0.1333,0,1]},{"frame":6,"values":[0.2567,-0.7861,-0.5623,0,0.9173,0.3813,-0.1144,0,0.3043,-0.4864,0.819,0,0,0.1333,0,1]},{"frame":7,"values":[0.2964,-0.7662,-0.5701,0,0.9037,0.4182,-0.0922,0,0.3091,-0.4878,0.8164,0,0,0.1333,0,1]},{"frame":8,"values":[0.3416,-0.7412,-0.5779,0,0.8856,0.4598,-0.0662,0,0.3147,-0.4892,0.8134,0,0,0.1333,0,1]},{"frame":9,"values":[0.3914,-0.7102,-0.5851,0,0.8623,0.5051,-0.0362,0,0.3213,-0.4904,0.8101,0,0,0.1333,0,1]},{"frame":10,"values":[0.445,-0.6729,-0.591,0,0.8331,0.5532,-0.0025,0,0.3286,-0.4912,0.8067,0,0,0.1333,0,1]},{"frame":11,"values":[0.501,-0.6287,-0.5948,0,0.7972,0.6027,0.0345,0,0.3368,-0.4915,0.8031,0,0,0.1333,0,1]},{"frame":12,"values":[0.5579,-0.5776,-0.596,0,0.7545,0.652,0.0744,0,0.3456,-0.4912,0.7995,0,0,0.1333,0,1]},{"frame":13,"values":[0.614,-0.5199,-0.5939,0,0.705,0.6996,0.1164,0,0.355,-0.4901,0.7961,0,0,0.1333,0,1]},{"frame":14,"values":[0.6676,-0.4564,-0.5882,0,0.649,0.7439,0.1595,0,0.3647,-0.4883,0.7928,0,0,0.1333,0,1]},{"frame":15,"values":[0.7172,-0.3882,-0.5787,0,0.5877,0.7833,0.2028,0,0.3745,-0.4856,0.7899,0,0,0.1333,0,1]},{"frame":16,"values":[0.7613,-0.3171,-0.5656,0,0.5223,0.8168,0.2452,0,0.3842,-0.4821,0.7874,0,0,0.1333,0,1]},{"frame":17,"values":[0.7991,-0.2446,-0.5492,0,0.4546,0.8437,0.2856,0,0.3935,-0.4779,0.7854,0,0,0.1333,0,1]},{"frame":18,"values":[0.83,-0.1727,-0.5303,0,0.3863,0.8639,0.3232,0,0.4023,-0.4731,0.7838,0,0,0.1333,0,1]},{"frame":19,"values":[0.8542,-0.1032,-0.5095,0,0.3193,0.8776,0.3575,0,0.4103,-0.4681,0.7827,0,0,0.1333,0,1]},{"frame":20,"values":[0.8721,-0.0376,-0.4878,0,0.2552,0.8856,0.388,0,0.4175,-0.4629,0.782,0,0,0.1333,0,1]},{"frame":21,"values":[0.8845,0.023,-0.4661,0,0.1953,0.8888,0.4145,0,0.4238,-0.4577,0.7816,0,0,0.1333,0,1]},{"frame":22,"values":[0.8922,0.0777,-0.445,0,0.1407,0.8883,0.4372,0,0.4292,-0.4527,0.7816,0,0,0.1333,0,1]},{"frame":23,"values":[0.8963,0.1259,-0.4253,0,0.0921,0.8851,0.4562,0,0.4338,-0.4481,0.7817,0,0,0.1333,0,1]},{"frame":24,"values":[0.8978,0.1674,-0.4074,0,0.05,0.8803,0.4718,0,0.4376,-0.4439,0.7819,0,0,0.1333,0,1]},{"frame":25,"values":[0.8975,0.2021,-0.3919,0,0.0145,0.8748,0.4842,0,0.4407,-0.4403,0.7822,0,0,0.1333,0,1]},{"frame":26,"values":[0.8964,0.2301,-0.379,0,-0.0143,0.8694,0.4939,0,0.4431,-0.4373,0.7826,0,0,0.1333,0,1]},{"frame":27,"values":[0.8948,0.2515,-0.3688,0,-0.0365,0.8646,0.5011,0,0.4449,-0.435,0.7829,0,0,0.1333,0,1]},{"frame":28,"values":[0.8934,0.2666,-0.3615,0,-0.0521,0.8609,0.5061,0,0.4461,-0.4333,0.7831,0,0,0.1333,0,1]},{"frame":29,"values":[0.8925,0.2755,-0.3571,0,-0.0614,0.8586,0.5089,0,0.4469,-0.4323,0.7832,0,0,0.1333,0,1]},{"frame":30,"values":[0.8922,0.2785,-0.3557,0,-0.0645,0.8578,0.5099,0,0.4471,-0.4319,0.7833,0,0,0.1333,0,1]},{"frame":250,"values":[0.8922,0.2785,-0.3557,0,-0.0645,0.8578,0.5099,0,0.4471,-0.4319,0.7833,0,0,0.1333,0,1]}],"loopBehavior":1,"name":"anim","property":"_matrix"}},
{"name":"lForeArm","index":59,"matrix":[0.92,0.1978,-0.3384,0,-0.0661,0.9292,0.3636,0,0.3864,-0.3121,0.8679,0,0,0.2958,0,1],"parentBoneIndex":58,"animation":{"dataType":3,"framePerSecond":24,"keys":[{"frame":1,"values":[0.92,0.1978,-0.3384,0,-0.0661,0.9292,0.3636,0,0.3864,-0.3121,0.8679,0,0,0.2958,0,1]},{"frame":2,"values":[0.9187,0.2025,-0.339,0,-0.0708,0.929,0.3632,0,0.3885,-0.3097,0.8679,0,0,0.2958,0,1]},{"frame":3,"values":[0.9166,0.2104,-0.3398,0,-0.0788,0.9287,0.3625,0,0.3919,-0.3055,0.8678,0,0,0.2958,0,1]},{"frame":4,"values":[0.9136,0.2215,-0.3411,0,-0.09,0.928,0.3615,0,0.3966,-0.2996,0.8677,0,0,0.2958,0,1]},{"frame":5,"values":[0.9094,0.2356,-0.3427,0,-0.1044,0.927,0.3603,0,0.4026,-0.2919,0.8676,0,0,0.2958,0,1]},{"frame":6,"values":[0.904,0.2528,-0.3447,0,-0.122,0.9254,0.3589,0,0.4097,-0.2824,0.8674,0,0,0.2958,0,1]},{"frame":7,"values":[0.8973,0.2729,-0.347,0,-0.1426,0.9231,0.3572,0,0.4178,-0.271,0.8672,0,0,0.2958,0,1]},{"frame":8,"values":[0.8889,0.2957,-0.3498,0,-0.1662,0.9198,0.3554,0,0.4268,-0.2578,0.8668,0,0,0.2958,0,1]},{"frame":9,"values":[0.8789,0.3209,-0.3529,0,-0.1924,0.9155,0.3534,0,0.4364,-0.2427,0.8664,0,0,0.2958,0,1]},{"frame":10,"values":[0.8671,0.3482,-0.3563,0,-0.221,0.9098,0.3513,0,0.4465,-0.2259,0.8658,0,0,0.2958,0,1]},{"frame":11,"values":[0.8533,0.3772,-0.3601,0,-0.2516,0.9026,0.3492,0,0.4567,-0.2073,0.8651,0,0,0.2958,0,1]},{"frame":12,"values":[0.8376,0.4073,-0.3641,0,-0.2839,0.8939,0.347,0,0.4668,-0.1873,0.8643,0,0,0.2958,0,1]},{"frame":13,"values":[0.8199,0.4382,-0.3684,0,-0.3172,0.8834,0.3449,0,0.4766,-0.166,0.8633,0,0,0.2958,0,1]},{"frame":14,"values":[0.8005,0.4692,-0.3728,0,-0.351,0.8713,0.3429,0,0.4858,-0.1437,0.8622,0,0,0.2958,0,1]},{"frame":15,"values":[0.7796,0.4998,-0.3774,0,-0.3848,0.8577,0.3411,0,0.4942,-0.1207,0.8609,0,0,0.2958,0,1]},{"frame":16,"values":[0.7574,0.5296,-0.382,0,-0.418,0.8426,0.3394,0,0.5016,-0.0974,0.8596,0,0,0.2958,0,1]},{"frame":17,"values":[0.7343,0.558,-0.3865,0,-0.4502,0.8265,0.3379,0,0.508,-0.0741,0.8581,0,0,0.2958,0,1]},{"frame":18,"values":[0.7109,0.5847,-0.391,0,-0.4808,0.8097,0.3366,0,0.5134,-0.0513,0.8566,0,0,0.2958,0,1]},{"frame":19,"values":[0.6874,0.6093,-0.3952,0,-0.5094,0.7924,0.3355,0,0.5176,-0.0293,0.8551,0,0,0.2958,0,1]},{"frame":20,"values":[0.6645,0.6317,-0.3992,0,-0.5358,0.7752,0.3347,0,0.5209,-0.0085,0.8536,0,0,0.2958,0,1]},{"frame":21,"values":[0.6426,0.6517,-0.403,0,-0.5598,0.7584,0.334,0,0.5233,0.011,0.8521,0,0,0.2958,0,1]},{"frame":22,"values":[0.622,0.6693,-0.4064,0,-0.5811,0.7424,0.3334,0,0.5249,0.0287,0.8507,0,0,0.2958,0,1]},{"frame":23,"values":[0.6031,0.6846,-0.4094,0,-0.5998,0.7276,0.333,0,0.5258,0.0447,0.8494,0,0,0.2958,0,1]},{"frame":24,"values":[0.5863,0.6975,-0.412,0,-0.6158,0.7142,0.3328,0,0.5264,0.0586,0.8482,0,0,0.2958,0,1]},{"frame":25,"values":[0.5718,0.7081,-0.4143,0,-0.6291,0.7026,0.3326,0,0.5265,0.0704,0.8472,0,0,0.2958,0,1]},{"frame":26,"values":[0.5598,0.7166,-0.4161,0,-0.6399,0.6929,0.3324,0,0.5265,0.0801,0.8464,0,0,0.2958,0,1]},{"frame":27,"values":[0.5504,0.7231,-0.4175,0,-0.6481,0.6852,0.3324,0,0.5264,0.0877,0.8457,0,0,0.2958,0,1]},{"frame":28,"values":[0.5436,0.7276,-0.4185,0,-0.6539,0.6797,0.3323,0,0.5262,0.093,0.8452,0,0,0.2958,0,1]},{"frame":29,"values":[0.5395,0.7302,-0.4191,0,-0.6573,0.6764,0.3323,0,0.5261,0.0962,0.8449,0,0,0.2958,0,1]},{"frame":30,"values":[0.5382,0.7311,-0.4193,0,-0.6585,0.6753,0.3323,0,0.5261,0.0972,0.8449,0,0,0.2958,0,1]},{"frame":250,"values":[0.5382,0.7311,-0.4193,0,-0.6585,0.6753,0.3323,0,0.5261,0.0972,0.8449,0,0,0.2958,0,1]}],"loopBehavior":1,"name":"anim","property":"_matrix"}},
{"name":"lHand","index":60,"matrix":[0.1974,0.8946,-0.401,0,-0.8946,-0.0029,-0.447,0,-0.401,0.447,0.7996,0,0,0.2321,0,1],"parentBoneIndex":59,"animation":{"dataType":3,"framePerSecond":24,"keys":[{"frame":1,"values":[0.1974,0.8946,-0.401,0,-0.8946,-0.0029,-0.447,0,-0.401,0.447,0.7996,0,0,0.2321,0,1]},{"frame":2,"values":[0.1974,0.8946,-0.401,0,-0.8946,-0.0029,-0.447,0,-0.401,0.447,0.7996,0,0,0.2321,0,1]},{"frame":3,"values":[0.1974,0.8946,-0.401,0,-0.8946,-0.0029,-0.447,0,-0.401,0.447,0.7996,0,0,0.2321,0,1]},{"frame":4,"values":[0.1974,0.8946,-0.401,0,-0.8946,-0.0029,-0.447,0,-0.401,0.447,0.7996,0,0,0.2321,0,1]},{"frame":5,"values":[0.1974,0.8946,-0.401,0,-0.8946,-0.0029,-0.447,0,-0.401,0.447,0.7996,0,0,0.2321,0,1]},{"frame":6,"values":[0.1974,0.8946,-0.401,0,-0.8946,-0.0029,-0.447,0,-0.401,0.447,0.7996,0,0,0.2321,0,1]},{"frame":7,"values":[0.1974,0.8946,-0.401,0,-0.8946,-0.0029,-0.447,0,-0.401,0.447,0.7996,0,0,0.2321,0,1]},{"frame":8,"values":[0.1974,0.8946,-0.401,0,-0.8946,-0.0029,-0.447,0,-0.401,0.447,0.7996,0,0,0.2321,0,1]},{"frame":9,"values":[0.1974,0.8946,-0.401,0,-0.8946,-0.0029,-0.447,0,-0.401,0.447,0.7996,0,0,0.2321,0,1]},{"frame":10,"values":[0.1974,0.8946,-0.401,0,-0.8946,-0.0029,-0.447,0,-0.401,0.447,0.7996,0,0,0.2321,0,1]},{"frame":11,"values":[0.1974,0.8946,-0.401,0,-0.8946,-0.0029,-0.447,0,-0.401,0.447,0.7996,0,0,0.2321,0,1]},{"frame":12,"values":[0.1974,0.8946,-0.401,0,-0.8946,-0.0029,-0.447,0,-0.401,0.447,0.7996,0,0,0.2321,0,1]},{"frame":13,"values":[0.1974,0.8946,-0.401,0,-0.8946,-0.0029,-0.447,0,-0.401,0.447,0.7996,0,0,0.2321,0,1]},{"frame":14,"values":[0.1974,0.8946,-0.401,0,-0.8946,-0.0029,-0.447,0,-0.401,0.447,0.7996,0,0,0.2321,0,1]},{"frame":15,"values":[0.1974,0.8946,-0.401,0,-0.8946,-0.0029,-0.447,0,-0.401,0.447,0.7996,0,0,0.2321,0,1]},{"frame":16,"values":[0.1974,0.8946,-0.401,0,-0.8946,-0.0029,-0.447,0,-0.401,0.447,0.7996,0,0,0.2321,0,1]},{"frame":17,"values":[0.1974,0.8946,-0.401,0,-0.8946,-0.0029,-0.447,0,-0.401,0.447,0.7996,0,0,0.2321,0,1]},{"frame":18,"values":[0.1974,0.8946,-0.401,0,-0.8946,-0.0029,-0.447,0,-0.401,0.447,0.7996,0,0,0.2321,0,1]},{"frame":19,"values":[0.1974,0.8946,-0.401,0,-0.8946,-0.0029,-0.447,0,-0.401,0.447,0.7996,0,0,0.2321,0,1]},{"frame":20,"values":[0.1974,0.8946,-0.401,0,-0.8946,-0.0029,-0.447,0,-0.401,0.447,0.7996,0,0,0.2321,0,1]},{"frame":21,"values":[0.1974,0.8946,-0.401,0,-0.8946,-0.0029,-0.447,0,-0.401,0.447,0.7996,0,0,0.2321,0,1]},{"frame":22,"values":[0.1974,0.8946,-0.401,0,-0.8946,-0.0029,-0.447,0,-0.401,0.447,0.7996,0,0,0.2321,0,1]},{"frame":23,"values":[0.1974,0.8946,-0.401,0,-0.8946,-0.0029,-0.447,0,-0.401,0.447,0.7996,0,0,0.2321,0,1]},{"frame":24,"values":[0.1974,0.8946,-0.401,0,-0.8946,-0.0029,-0.447,0,-0.401,0.447,0.7996,0,0,0.2321,0,1]},{"frame":25,"values":[0.1974,0.8946,-0.401,0,-0.8946,-0.0029,-0.447,0,-0.401,0.447,0.7996,0,0,0.2321,0,1]},{"frame":26,"values":[0.1974,0.8946,-0.401,0,-0.8946,-0.0029,-0.447,0,-0.401,0.447,0.7996,0,0,0.2321,0,1]},{"frame":27,"values":[0.1974,0.8946,-0.401,0,-0.8946,-0.0029,-0.447,0,-0.401,0.447,0.7996,0,0,0.2321,0,1]},{"frame":28,"values":[0.1974,0.8946,-0.401,0,-0.8946,-0.0029,-0.447,0,-0.401,0.447,0.7996,0,0,0.2321,0,1]},{"frame":29,"values":[0.1974,0.8946,-0.401,0,-0.8946,-0.0029,-0.447,0,-0.401,0.447,0.7996,0,0,0.2321,0,1]},{"frame":30,"values":[0.1974,0.8946,-0.401,0,-0.8946,-0.0029,-0.447,0,-0.401,0.447,0.7996,0,0,0.2321,0,1]},{"frame":250,"values":[0.1974,0.8946,-0.401,0,-0.8946,-0.0029,-0.447,0,-0.401,0.447,0.7996,0,0,0.2321,0,1]}],"loopBehavior":1,"name":"anim","property":"_matrix"}},
